<?xml version="1.0" encoding="UTF-8" standalone="no" ?>
<COLLADA xmlns="http://www.collada.org/2005/11/COLLADASchema" version="1.4.1">
    <asset>
        <contributor>
            <authoring_tool>Google SketchUp 8.0.14346</authoring_tool>
        </contributor>
        <created>2016-07-16T08:43:08Z</created>
        <modified>2016-07-16T08:43:08Z</modified>
        <unit meter="0.02539999969303608" name="inch" />
        <up_axis>Z_UP</up_axis>
    </asset>
    <library_visual_scenes>
        <visual_scene id="ID1">
            <node name="SketchUp">
                <instance_geometry url="#ID679">
                    <bind_material>
                        <technique_common>
                            <instance_material symbol="Material2" target="#ID6">
                                <bind_vertex_input semantic="UVSET0" input_semantic="TEXCOORD" input_set="0" />
                            </instance_material>
                        </technique_common>
                    </bind_material>
                </instance_geometry>
                <instance_geometry url="#ID685">
                    <bind_material>
                        <technique_common>
                            <instance_material symbol="Material2" target="#ID6">
                                <bind_vertex_input semantic="UVSET0" input_semantic="TEXCOORD" input_set="0" />
                            </instance_material>
                        </technique_common>
                    </bind_material>
                </instance_geometry>
                <node id="ID2" name="group_0">
                    <matrix>-1 0 0 807.3494403875657 0 1 0 137.1152545883688 0 -0 1 319.8010736590936 0 0 0 1</matrix>
                    <node id="ID3" name="group_1">
                        <matrix>0.9416248104316632 2.243854823123307e-016 -0.3366641002238496 1.457994134827345 -2.160466172320471e-016 1 6.223006047532848e-017 0.5905511810906603 0.3366641002238496 1.413777109860147e-017 0.9416248104316632 -1.119625066307719 0 0 0 1</matrix>
                        <instance_geometry url="#ID4">
                            <bind_material>
                                <technique_common>
                                    <instance_material symbol="Material2" target="#ID6">
                                        <bind_vertex_input semantic="UVSET0" input_semantic="TEXCOORD" input_set="0" />
                                    </instance_material>
                                </technique_common>
                            </bind_material>
                        </instance_geometry>
                    </node>
                </node>
                <node id="ID12" name="group_2">
                    <matrix>1 0 0 90.73816156453631 0 1 0 137.1152545883688 0 0 1 319.8010736590929 0 0 0 1</matrix>
                    <node id="ID13" name="group_3">
                        <matrix>0.9416248104316632 2.243854823123307e-016 -0.3366641002238496 1.457994134827345 -2.160466172320471e-016 1 6.223006047532848e-017 0.5905511810906603 0.3366641002238496 1.413777109860147e-017 0.9416248104316632 -1.119625066307719 0 0 0 1</matrix>
                        <instance_geometry url="#ID14">
                            <bind_material>
                                <technique_common>
                                    <instance_material symbol="Material2" target="#ID6">
                                        <bind_vertex_input semantic="UVSET0" input_semantic="TEXCOORD" input_set="0" />
                                    </instance_material>
                                </technique_common>
                            </bind_material>
                        </instance_geometry>
                    </node>
                </node>
                <node id="ID20" name="group_4">
                    <matrix>-1 -1.522107759843143e-012 0 808.3567817900454 1.522107759843143e-012 -1 0 141.7609238797054 0 0 1 321.6471960272159 0 0 0 1</matrix>
                    <node id="ID21" name="group_5">
                        <matrix>1 0 0 1.13686837721616e-013 0 1 0 2.362204724409438 0 0 1 0 0 0 0 1</matrix>
                        <instance_geometry url="#ID22">
                            <bind_material>
                                <technique_common>
                                    <instance_material symbol="Material2" target="#ID6">
                                        <bind_vertex_input semantic="UVSET0" input_semantic="TEXCOORD" input_set="0" />
                                    </instance_material>
                                </technique_common>
                            </bind_material>
                        </instance_geometry>
                    </node>
                    <node id="ID28" name="group_6">
                        <matrix>0.9019472242305716 0 -0.431846274387967 21.00125700226249 0 1 0 1.811023622047244 0.431846274387967 -0 0.9019472242305716 3.661498632968119 0 0 0 1</matrix>
                        <instance_geometry url="#ID29">
                            <bind_material>
                                <technique_common>
                                    <instance_material symbol="Material2" target="#ID6">
                                        <bind_vertex_input semantic="UVSET0" input_semantic="TEXCOORD" input_set="0" />
                                    </instance_material>
                                </technique_common>
                            </bind_material>
                        </instance_geometry>
                    </node>
                </node>
                <node id="ID35" name="group_7">
                    <matrix>-0.9403638484308404 -1.06827639828713e-016 0.3401702993565718 864.9612901193135 -1.039225950333942e-016 1 2.675891587657148e-017 65.34536065924311 0.3401702993565718 1.018826314889163e-017 0.9403638484308403 170.6661971001008 0 0 0 1</matrix>
                    <instance_geometry url="#ID36">
                        <bind_material>
                            <technique_common>
                                <instance_material symbol="Material2" target="#ID6">
                                    <bind_vertex_input semantic="UVSET0" input_semantic="TEXCOORD" input_set="0" />
                                </instance_material>
                            </technique_common>
                        </bind_material>
                    </instance_geometry>
                </node>
                <node id="ID42" name="group_8">
                    <matrix>-0.9403638484308404 -1.06827639828713e-016 0.3401702993565718 864.9612901193135 -1.039225950333942e-016 1 2.675891587657148e-017 72.43197483247147 0.3401702993565718 1.018826314889163e-017 0.9403638484308403 170.6661971001008 0 0 0 1</matrix>
                    <instance_geometry url="#ID43">
                        <bind_material>
                            <technique_common>
                                <instance_material symbol="Material2" target="#ID6">
                                    <bind_vertex_input semantic="UVSET0" input_semantic="TEXCOORD" input_set="0" />
                                </instance_material>
                            </technique_common>
                        </bind_material>
                    </instance_geometry>
                </node>
                <node id="ID49" name="group_9">
                    <matrix>-0.9403638484308404 -1.06827639828713e-016 0.3401702993565718 864.9612901193135 -1.039225950333942e-016 1 2.675891587657148e-017 58.25874648601477 0.3401702993565718 1.018826314889163e-017 0.9403638484308403 170.6661971001008 0 0 0 1</matrix>
                    <instance_geometry url="#ID50">
                        <bind_material>
                            <technique_common>
                                <instance_material symbol="Material2" target="#ID6">
                                    <bind_vertex_input semantic="UVSET0" input_semantic="TEXCOORD" input_set="0" />
                                </instance_material>
                            </technique_common>
                        </bind_material>
                    </instance_geometry>
                </node>
                <node id="ID56" name="group_10">
                    <matrix>-0.9403638484308404 -1.06827639828713e-016 0.3401702993565718 864.9612901193135 -1.039225950333942e-016 1 2.675891587657148e-017 79.5185890056998 0.3401702993565718 1.018826314889163e-017 0.9403638484308403 170.6661971001008 0 0 0 1</matrix>
                    <instance_geometry url="#ID57">
                        <bind_material>
                            <technique_common>
                                <instance_material symbol="Material2" target="#ID6">
                                    <bind_vertex_input semantic="UVSET0" input_semantic="TEXCOORD" input_set="0" />
                                </instance_material>
                            </technique_common>
                        </bind_material>
                    </instance_geometry>
                </node>
                <node id="ID63" name="group_11">
                    <matrix>-0.9403638484308404 -1.06827639828713e-016 0.3401702993565718 864.9612901193135 -1.039225950333942e-016 1 2.675891587657148e-017 107.8650456986132 0.3401702993565718 1.018826314889163e-017 0.9403638484308403 170.6661971001008 0 0 0 1</matrix>
                    <instance_geometry url="#ID64">
                        <bind_material>
                            <technique_common>
                                <instance_material symbol="Material2" target="#ID6">
                                    <bind_vertex_input semantic="UVSET0" input_semantic="TEXCOORD" input_set="0" />
                                </instance_material>
                            </technique_common>
                        </bind_material>
                    </instance_geometry>
                </node>
                <node id="ID70" name="group_12">
                    <matrix>0.8848218878140526 1.810434007882879e-016 -0.465929422600866 50.45071240912478 -1.010930214928993e-016 1 1.965835987665828e-016 -5.520781073040357 0.465929422600866 -1.268392578407645e-016 0.8848218878140526 176.7531026535481 0 0 0 1</matrix>
                    <instance_geometry url="#ID71">
                        <bind_material>
                            <technique_common>
                                <instance_material symbol="Material2" target="#ID6">
                                    <bind_vertex_input semantic="UVSET0" input_semantic="TEXCOORD" input_set="0" />
                                </instance_material>
                            </technique_common>
                        </bind_material>
                    </instance_geometry>
                </node>
                <node id="ID77" name="group_13">
                    <matrix>0.9403638484308418 0 -0.3401702993565682 32.65986080812093 0 1 0 -5.024718080914365 0.3401702993565682 -0 0.9403638484308418 173.3317954106134 0 0 0 1</matrix>
                    <instance_geometry url="#ID78">
                        <bind_material>
                            <technique_common>
                                <instance_material symbol="Material2" target="#ID6">
                                    <bind_vertex_input semantic="UVSET0" input_semantic="TEXCOORD" input_set="0" />
                                </instance_material>
                            </technique_common>
                        </bind_material>
                    </instance_geometry>
                </node>
                <node id="ID84" name="group_14">
                    <matrix>-0.9403638484308404 -1.06827639828713e-016 0.3401702993565718 864.9612901193135 -1.039225950333942e-016 1 2.675891587657148e-017 -5.52078107304035 0.3401702993565718 1.018826314889163e-017 0.9403638484308403 170.6661971001008 0 0 0 1</matrix>
                    <instance_geometry url="#ID85">
                        <bind_material>
                            <technique_common>
                                <instance_material symbol="Material2" target="#ID6">
                                    <bind_vertex_input semantic="UVSET0" input_semantic="TEXCOORD" input_set="0" />
                                </instance_material>
                            </technique_common>
                        </bind_material>
                    </instance_geometry>
                </node>
                <node id="ID91" name="group_15">
                    <matrix>-0.9403638484308404 -1.06827639828713e-016 0.3401702993565718 864.9612901193135 -1.039225950333942e-016 1 2.675891587657148e-017 51.17213231278642 0.3401702993565718 1.018826314889163e-017 0.9403638484308403 170.6661971001008 0 0 0 1</matrix>
                    <instance_geometry url="#ID92">
                        <bind_material>
                            <technique_common>
                                <instance_material symbol="Material2" target="#ID6">
                                    <bind_vertex_input semantic="UVSET0" input_semantic="TEXCOORD" input_set="0" />
                                </instance_material>
                            </technique_common>
                        </bind_material>
                    </instance_geometry>
                </node>
                <node id="ID98" name="group_16">
                    <matrix>-0.9403638484308404 -1.06827639828713e-016 0.3401702993565718 864.9612901193135 -1.039225950333942e-016 1 2.675891587657148e-017 122.0382740450699 0.3401702993565718 1.018826314889163e-017 0.9403638484308403 170.6661971001008 0 0 0 1</matrix>
                    <instance_geometry url="#ID99">
                        <bind_material>
                            <technique_common>
                                <instance_material symbol="Material2" target="#ID6">
                                    <bind_vertex_input semantic="UVSET0" input_semantic="TEXCOORD" input_set="0" />
                                </instance_material>
                            </technique_common>
                        </bind_material>
                    </instance_geometry>
                </node>
                <node id="ID105" name="group_17">
                    <matrix>-0.9403638484308404 -1.06827639828713e-016 0.3401702993565718 864.9612901193135 -1.039225950333942e-016 1 2.675891587657148e-017 114.9516598718415 0.3401702993565718 1.018826314889163e-017 0.9403638484308403 170.6661971001008 0 0 0 1</matrix>
                    <instance_geometry url="#ID106">
                        <bind_material>
                            <technique_common>
                                <instance_material symbol="Material2" target="#ID6">
                                    <bind_vertex_input semantic="UVSET0" input_semantic="TEXCOORD" input_set="0" />
                                </instance_material>
                            </technique_common>
                        </bind_material>
                    </instance_geometry>
                </node>
                <node id="ID112" name="group_18">
                    <matrix>-0.9403638484308404 -1.06827639828713e-016 0.3401702993565718 864.9612901193135 -1.039225950333942e-016 1 2.675891587657148e-017 136.2115023915265 0.3401702993565718 1.018826314889163e-017 0.9403638484308403 170.6661971001008 0 0 0 1</matrix>
                    <instance_geometry url="#ID113">
                        <bind_material>
                            <technique_common>
                                <instance_material symbol="Material2" target="#ID6">
                                    <bind_vertex_input semantic="UVSET0" input_semantic="TEXCOORD" input_set="0" />
                                </instance_material>
                            </technique_common>
                        </bind_material>
                    </instance_geometry>
                </node>
                <node id="ID119" name="group_19">
                    <matrix>-0.9403638484308404 -1.06827639828713e-016 0.3401702993565718 864.9612901193135 -1.039225950333942e-016 1 2.675891587657148e-017 129.1248882182982 0.3401702993565718 1.018826314889163e-017 0.9403638484308403 170.6661971001008 0 0 0 1</matrix>
                    <instance_geometry url="#ID120">
                        <bind_material>
                            <technique_common>
                                <instance_material symbol="Material2" target="#ID6">
                                    <bind_vertex_input semantic="UVSET0" input_semantic="TEXCOORD" input_set="0" />
                                </instance_material>
                            </technique_common>
                        </bind_material>
                    </instance_geometry>
                </node>
                <node id="ID126" name="group_20">
                    <matrix>-0.9403638484308404 -1.06827639828713e-016 0.3401702993565718 864.9612901193135 -1.039225950333942e-016 1 2.675891587657148e-017 1.565833100187996 0.3401702993565718 1.018826314889163e-017 0.9403638484308403 170.6661971001008 0 0 0 1</matrix>
                    <instance_geometry url="#ID127">
                        <bind_material>
                            <technique_common>
                                <instance_material symbol="Material2" target="#ID6">
                                    <bind_vertex_input semantic="UVSET0" input_semantic="TEXCOORD" input_set="0" />
                                </instance_material>
                            </technique_common>
                        </bind_material>
                    </instance_geometry>
                </node>
                <node id="ID133" name="group_21">
                    <matrix>-0.9403638484308404 -1.06827639828713e-016 0.3401702993565718 864.9612901193135 -1.039225950333942e-016 1 2.675891587657148e-017 8.652447273416343 0.3401702993565718 1.018826314889163e-017 0.9403638484308403 170.6661971001008 0 0 0 1</matrix>
                    <instance_geometry url="#ID134">
                        <bind_material>
                            <technique_common>
                                <instance_material symbol="Material2" target="#ID6">
                                    <bind_vertex_input semantic="UVSET0" input_semantic="TEXCOORD" input_set="0" />
                                </instance_material>
                            </technique_common>
                        </bind_material>
                    </instance_geometry>
                </node>
                <node id="ID140" name="group_22">
                    <matrix>-0.9403638484308404 -1.06827639828713e-016 0.3401702993565718 864.9612901193135 -1.039225950333942e-016 1 2.675891587657148e-017 22.82567561987304 0.3401702993565718 1.018826314889163e-017 0.9403638484308403 170.6661971001008 0 0 0 1</matrix>
                    <instance_geometry url="#ID141">
                        <bind_material>
                            <technique_common>
                                <instance_material symbol="Material2" target="#ID6">
                                    <bind_vertex_input semantic="UVSET0" input_semantic="TEXCOORD" input_set="0" />
                                </instance_material>
                            </technique_common>
                        </bind_material>
                    </instance_geometry>
                </node>
                <node id="ID147" name="group_23">
                    <matrix>-0.9403638484308404 -1.06827639828713e-016 0.3401702993565718 864.9612901193135 -1.039225950333942e-016 1 2.675891587657148e-017 15.73906144664469 0.3401702993565718 1.018826314889163e-017 0.9403638484308403 170.6661971001008 0 0 0 1</matrix>
                    <instance_geometry url="#ID148">
                        <bind_material>
                            <technique_common>
                                <instance_material symbol="Material2" target="#ID6">
                                    <bind_vertex_input semantic="UVSET0" input_semantic="TEXCOORD" input_set="0" />
                                </instance_material>
                            </technique_common>
                        </bind_material>
                    </instance_geometry>
                </node>
                <node id="ID154" name="group_24">
                    <matrix>-0.9403638484308404 -1.06827639828713e-016 0.3401702993565718 864.9612901193135 -1.039225950333942e-016 1 2.675891587657148e-017 29.91228979310138 0.3401702993565718 1.018826314889163e-017 0.9403638484308403 170.6661971001008 0 0 0 1</matrix>
                    <instance_geometry url="#ID155">
                        <bind_material>
                            <technique_common>
                                <instance_material symbol="Material2" target="#ID6">
                                    <bind_vertex_input semantic="UVSET0" input_semantic="TEXCOORD" input_set="0" />
                                </instance_material>
                            </technique_common>
                        </bind_material>
                    </instance_geometry>
                </node>
                <node id="ID161" name="group_25">
                    <matrix>-0.9403638484308404 -1.06827639828713e-016 0.3401702993565718 864.9612901193135 -1.039225950333942e-016 1 2.675891587657148e-017 44.08551813955808 0.3401702993565718 1.018826314889163e-017 0.9403638484308403 170.6661971001008 0 0 0 1</matrix>
                    <instance_geometry url="#ID162">
                        <bind_material>
                            <technique_common>
                                <instance_material symbol="Material2" target="#ID6">
                                    <bind_vertex_input semantic="UVSET0" input_semantic="TEXCOORD" input_set="0" />
                                </instance_material>
                            </technique_common>
                        </bind_material>
                    </instance_geometry>
                </node>
                <node id="ID168" name="group_26">
                    <matrix>-0.9403638484308404 -1.06827639828713e-016 0.3401702993565718 864.9612901193135 -1.039225950333942e-016 1 2.675891587657148e-017 36.99890396632972 0.3401702993565718 1.018826314889163e-017 0.9403638484308403 170.6661971001008 0 0 0 1</matrix>
                    <instance_geometry url="#ID169">
                        <bind_material>
                            <technique_common>
                                <instance_material symbol="Material2" target="#ID6">
                                    <bind_vertex_input semantic="UVSET0" input_semantic="TEXCOORD" input_set="0" />
                                </instance_material>
                            </technique_common>
                        </bind_material>
                    </instance_geometry>
                </node>
                <node id="ID175" name="group_27">
                    <matrix>-0.9403638484308404 -1.06827639828713e-016 0.3401702993565718 864.9612901193135 -1.039225950333942e-016 1 2.675891587657148e-017 86.60520317892814 0.3401702993565718 1.018826314889163e-017 0.9403638484308403 170.6661971001008 0 0 0 1</matrix>
                    <instance_geometry url="#ID176">
                        <bind_material>
                            <technique_common>
                                <instance_material symbol="Material2" target="#ID6">
                                    <bind_vertex_input semantic="UVSET0" input_semantic="TEXCOORD" input_set="0" />
                                </instance_material>
                            </technique_common>
                        </bind_material>
                    </instance_geometry>
                </node>
                <node id="ID182" name="group_28">
                    <matrix>-0.9403638484308404 -1.06827639828713e-016 0.3401702993565718 864.9612901193135 -1.039225950333942e-016 1 2.675891587657148e-017 93.69181735215649 0.3401702993565718 1.018826314889163e-017 0.9403638484308403 170.6661971001008 0 0 0 1</matrix>
                    <instance_geometry url="#ID183">
                        <bind_material>
                            <technique_common>
                                <instance_material symbol="Material2" target="#ID6">
                                    <bind_vertex_input semantic="UVSET0" input_semantic="TEXCOORD" input_set="0" />
                                </instance_material>
                            </technique_common>
                        </bind_material>
                    </instance_geometry>
                </node>
                <node id="ID189" name="group_29">
                    <matrix>-0.9403638484308404 -1.06827639828713e-016 0.3401702993565718 864.9612901193135 -1.039225950333942e-016 1 2.675891587657148e-017 100.7784315253848 0.3401702993565718 1.018826314889163e-017 0.9403638484308403 170.6661971001008 0 0 0 1</matrix>
                    <instance_geometry url="#ID190">
                        <bind_material>
                            <technique_common>
                                <instance_material symbol="Material2" target="#ID6">
                                    <bind_vertex_input semantic="UVSET0" input_semantic="TEXCOORD" input_set="0" />
                                </instance_material>
                            </technique_common>
                        </bind_material>
                    </instance_geometry>
                </node>
                <node id="ID196" name="group_30">
                    <matrix>-1 0 0 807.3494403875657 0 1 0 -11.70364304942655 0 -0 1 319.8010736590936 0 0 0 1</matrix>
                    <node id="ID197" name="group_1">
                        <matrix>0.9416248104316632 2.243854823123307e-016 -0.3366641002238496 1.457994134827345 -2.160466172320471e-016 1 6.223006047532848e-017 0.5905511810906603 0.3366641002238496 1.413777109860147e-017 0.9416248104316632 -1.119625066307719 0 0 0 1</matrix>
                        <instance_geometry url="#ID198">
                            <bind_material>
                                <technique_common>
                                    <instance_material symbol="Material2" target="#ID6">
                                        <bind_vertex_input semantic="UVSET0" input_semantic="TEXCOORD" input_set="0" />
                                    </instance_material>
                                </technique_common>
                            </bind_material>
                        </instance_geometry>
                    </node>
                </node>
                <node id="ID204" name="group_31">
                    <matrix>1 0 0 90.73816156453631 0 1 0 -11.70364304942655 0 0 1 319.8010736590929 0 0 0 1</matrix>
                    <node id="ID205" name="group_3">
                        <matrix>0.9416248104316632 2.243854823123307e-016 -0.3366641002238496 1.457994134827345 -2.160466172320471e-016 1 6.223006047532848e-017 0.5905511810906603 0.3366641002238496 1.413777109860147e-017 0.9416248104316632 -1.119625066307719 0 0 0 1</matrix>
                        <instance_geometry url="#ID206">
                            <bind_material>
                                <technique_common>
                                    <instance_material symbol="Material2" target="#ID6">
                                        <bind_vertex_input semantic="UVSET0" input_semantic="TEXCOORD" input_set="0" />
                                    </instance_material>
                                </technique_common>
                            </bind_material>
                        </instance_geometry>
                    </node>
                </node>
                <node id="ID212" name="group_32">
                    <matrix>-1 0 0 807.3494403875657 0 1 0 -4.617028876198219 0 -0 1 319.8010736590936 0 0 0 1</matrix>
                    <node id="ID213" name="group_1">
                        <matrix>0.9416248104316632 2.243854823123307e-016 -0.3366641002238496 1.457994134827345 -2.160466172320471e-016 1 6.223006047532848e-017 0.5905511810906603 0.3366641002238496 1.413777109860147e-017 0.9416248104316632 -1.119625066307719 0 0 0 1</matrix>
                        <instance_geometry url="#ID214">
                            <bind_material>
                                <technique_common>
                                    <instance_material symbol="Material2" target="#ID6">
                                        <bind_vertex_input semantic="UVSET0" input_semantic="TEXCOORD" input_set="0" />
                                    </instance_material>
                                </technique_common>
                            </bind_material>
                        </instance_geometry>
                    </node>
                </node>
                <node id="ID220" name="group_33">
                    <matrix>1 0 0 90.73816156453631 0 1 0 -4.617028876198219 0 0 1 319.8010736590929 0 0 0 1</matrix>
                    <node id="ID221" name="group_3">
                        <matrix>0.9416248104316632 2.243854823123307e-016 -0.3366641002238496 1.457994134827345 -2.160466172320471e-016 1 6.223006047532848e-017 0.5905511810906603 0.3366641002238496 1.413777109860147e-017 0.9416248104316632 -1.119625066307719 0 0 0 1</matrix>
                        <instance_geometry url="#ID222">
                            <bind_material>
                                <technique_common>
                                    <instance_material symbol="Material2" target="#ID6">
                                        <bind_vertex_input semantic="UVSET0" input_semantic="TEXCOORD" input_set="0" />
                                    </instance_material>
                                </technique_common>
                            </bind_material>
                        </instance_geometry>
                    </node>
                </node>
                <node id="ID228" name="group_34">
                    <matrix>-1 0 0 807.3494403875657 0 1 0 2.469585297030164 0 -0 1 319.8010736590936 0 0 0 1</matrix>
                    <node id="ID229" name="group_1">
                        <matrix>0.9416248104316632 2.243854823123307e-016 -0.3366641002238496 1.457994134827345 -2.160466172320471e-016 1 6.223006047532848e-017 0.5905511810906603 0.3366641002238496 1.413777109860147e-017 0.9416248104316632 -1.119625066307719 0 0 0 1</matrix>
                        <instance_geometry url="#ID230">
                            <bind_material>
                                <technique_common>
                                    <instance_material symbol="Material2" target="#ID6">
                                        <bind_vertex_input semantic="UVSET0" input_semantic="TEXCOORD" input_set="0" />
                                    </instance_material>
                                </technique_common>
                            </bind_material>
                        </instance_geometry>
                    </node>
                </node>
                <node id="ID236" name="group_35">
                    <matrix>1 0 0 90.73816156453631 0 1 0 2.469585297030164 0 0 1 319.8010736590929 0 0 0 1</matrix>
                    <node id="ID237" name="group_3">
                        <matrix>0.9416248104316632 2.243854823123307e-016 -0.3366641002238496 1.457994134827345 -2.160466172320471e-016 1 6.223006047532848e-017 0.5905511810906603 0.3366641002238496 1.413777109860147e-017 0.9416248104316632 -1.119625066307719 0 0 0 1</matrix>
                        <instance_geometry url="#ID238">
                            <bind_material>
                                <technique_common>
                                    <instance_material symbol="Material2" target="#ID6">
                                        <bind_vertex_input semantic="UVSET0" input_semantic="TEXCOORD" input_set="0" />
                                    </instance_material>
                                </technique_common>
                            </bind_material>
                        </instance_geometry>
                    </node>
                </node>
                <node id="ID244" name="group_36">
                    <matrix>-1 0 0 807.3494403875657 0 1 0 9.556199470258548 0 -0 1 319.8010736590936 0 0 0 1</matrix>
                    <node id="ID245" name="group_1">
                        <matrix>0.9416248104316632 2.243854823123307e-016 -0.3366641002238496 1.457994134827345 -2.160466172320471e-016 1 6.223006047532848e-017 0.5905511810906603 0.3366641002238496 1.413777109860147e-017 0.9416248104316632 -1.119625066307719 0 0 0 1</matrix>
                        <instance_geometry url="#ID246">
                            <bind_material>
                                <technique_common>
                                    <instance_material symbol="Material2" target="#ID6">
                                        <bind_vertex_input semantic="UVSET0" input_semantic="TEXCOORD" input_set="0" />
                                    </instance_material>
                                </technique_common>
                            </bind_material>
                        </instance_geometry>
                    </node>
                </node>
                <node id="ID252" name="group_37">
                    <matrix>1 0 0 90.73816156453631 0 1 0 9.556199470258548 0 0 1 319.8010736590929 0 0 0 1</matrix>
                    <node id="ID253" name="group_3">
                        <matrix>0.9416248104316632 2.243854823123307e-016 -0.3366641002238496 1.457994134827345 -2.160466172320471e-016 1 6.223006047532848e-017 0.5905511810906603 0.3366641002238496 1.413777109860147e-017 0.9416248104316632 -1.119625066307719 0 0 0 1</matrix>
                        <instance_geometry url="#ID254">
                            <bind_material>
                                <technique_common>
                                    <instance_material symbol="Material2" target="#ID6">
                                        <bind_vertex_input semantic="UVSET0" input_semantic="TEXCOORD" input_set="0" />
                                    </instance_material>
                                </technique_common>
                            </bind_material>
                        </instance_geometry>
                    </node>
                </node>
                <node id="ID260" name="group_38">
                    <matrix>-1 0 0 807.3494403875657 0 1 0 23.7294278167152 0 -0 1 319.8010736590936 0 0 0 1</matrix>
                    <node id="ID261" name="group_1">
                        <matrix>0.9416248104316632 2.243854823123307e-016 -0.3366641002238496 1.457994134827345 -2.160466172320471e-016 1 6.223006047532848e-017 0.5905511810906603 0.3366641002238496 1.413777109860147e-017 0.9416248104316632 -1.119625066307719 0 0 0 1</matrix>
                        <instance_geometry url="#ID262">
                            <bind_material>
                                <technique_common>
                                    <instance_material symbol="Material2" target="#ID6">
                                        <bind_vertex_input semantic="UVSET0" input_semantic="TEXCOORD" input_set="0" />
                                    </instance_material>
                                </technique_common>
                            </bind_material>
                        </instance_geometry>
                    </node>
                </node>
                <node id="ID268" name="group_39">
                    <matrix>1 0 0 90.73816156453631 0 1 0 23.7294278167152 0 0 1 319.8010736590929 0 0 0 1</matrix>
                    <node id="ID269" name="group_3">
                        <matrix>0.9416248104316632 2.243854823123307e-016 -0.3366641002238496 1.457994134827345 -2.160466172320471e-016 1 6.223006047532848e-017 0.5905511810906603 0.3366641002238496 1.413777109860147e-017 0.9416248104316632 -1.119625066307719 0 0 0 1</matrix>
                        <instance_geometry url="#ID270">
                            <bind_material>
                                <technique_common>
                                    <instance_material symbol="Material2" target="#ID6">
                                        <bind_vertex_input semantic="UVSET0" input_semantic="TEXCOORD" input_set="0" />
                                    </instance_material>
                                </technique_common>
                            </bind_material>
                        </instance_geometry>
                    </node>
                </node>
                <node id="ID276" name="group_40">
                    <matrix>-1 0 0 807.3494403875657 0 1 0 16.64281364348688 0 -0 1 319.8010736590936 0 0 0 1</matrix>
                    <node id="ID277" name="group_1">
                        <matrix>0.9416248104316632 2.243854823123307e-016 -0.3366641002238496 1.457994134827345 -2.160466172320471e-016 1 6.223006047532848e-017 0.5905511810906603 0.3366641002238496 1.413777109860147e-017 0.9416248104316632 -1.119625066307719 0 0 0 1</matrix>
                        <instance_geometry url="#ID278">
                            <bind_material>
                                <technique_common>
                                    <instance_material symbol="Material2" target="#ID6">
                                        <bind_vertex_input semantic="UVSET0" input_semantic="TEXCOORD" input_set="0" />
                                    </instance_material>
                                </technique_common>
                            </bind_material>
                        </instance_geometry>
                    </node>
                </node>
                <node id="ID284" name="group_41">
                    <matrix>1 0 0 90.73816156453631 0 1 0 16.64281364348688 0 0 1 319.8010736590929 0 0 0 1</matrix>
                    <node id="ID285" name="group_3">
                        <matrix>0.9416248104316632 2.243854823123307e-016 -0.3366641002238496 1.457994134827345 -2.160466172320471e-016 1 6.223006047532848e-017 0.5905511810906603 0.3366641002238496 1.413777109860147e-017 0.9416248104316632 -1.119625066307719 0 0 0 1</matrix>
                        <instance_geometry url="#ID286">
                            <bind_material>
                                <technique_common>
                                    <instance_material symbol="Material2" target="#ID6">
                                        <bind_vertex_input semantic="UVSET0" input_semantic="TEXCOORD" input_set="0" />
                                    </instance_material>
                                </technique_common>
                            </bind_material>
                        </instance_geometry>
                    </node>
                </node>
                <node id="ID292" name="group_42">
                    <matrix>-1 0 0 807.3494403875657 0 1 0 30.81604198994353 0 -0 1 319.8010736590936 0 0 0 1</matrix>
                    <node id="ID293" name="group_1">
                        <matrix>0.9416248104316632 2.243854823123307e-016 -0.3366641002238496 1.457994134827345 -2.160466172320471e-016 1 6.223006047532848e-017 0.5905511810906603 0.3366641002238496 1.413777109860147e-017 0.9416248104316632 -1.119625066307719 0 0 0 1</matrix>
                        <instance_geometry url="#ID294">
                            <bind_material>
                                <technique_common>
